#magic number:
P2
#width and height:
24 7
#depth:
255
  0   0   0   0   0   0   0   0   0   0   0   0   0   0   0   0   0   0   0   0   0   0   0   0 
  0   0   0   0   0   0   0   0   0   0   0   0   0  85  85  85  85   0   0 170 170 170 170   0 
  0   0   0   0   0   0   0   0   0   0   0   0   0  85   0   0   0   0   0 170 255 255 170   0 
  0   0   0   0   0   0   0   0   0   0   0   0   0  85  85  85   0   0   0 170 170 170 170   0 
  0   0   0   0   0   0   0   0   0   0   0   0   0  85   0   0   0   0   0 170   0   0   0   0 
  0   0   0   0   0   0   0   0   0   0   0   0   0  85  85  85  85   0   0 170   0   0   0   0 
  0   0   0   0   0   0   0   0   0   0   0   0   0   0   0   0   0   0   0   0   0   0   0   0 